[
    {
        "nodes": [
            20,
            30,
            40,
            50,
            60,
            70,
            80,
            90,
            100,
            110,
            120,
            130,
            140,
            150,
            160,
            170,
            180,
            190,
            200
        ],
        "num_tests": 200,
        "parallelism": [
            2.8436356029704006,
            4.162915326902465,
            5.810643299850395,
            7.0453485358901276,
            8.812965964343599,
            10.392966360856269,
            11.267302113551596,
            13.014839636189564,
            14.249475890985325,
            15.806976744186045,
            16.547778454047474,
            17.723598435462844,
            18.98603351955307,
            20.596969696969698,
            21.646496815286625,
            22.54394693200663,
            23.870061457418785,
            24.851919561243143,
            25.6248821866164
        ],
        "resource_efficiency": [
            0.9106421922393055,
            0.8887510845710203,
            0.9303964522333832,
            0.902477325732055,
            0.9407509454349,
            0.9509228920926168,
            0.9020565685868214,
            0.926190096271475,
            0.912646750524109,
            0.9203646934460888,
            0.8832065327652668,
            0.8731972720890583,
            0.8685804070231444,
            0.879459595959596,
            0.8665057722929936,
            0.8493464052287582,
            0.8493464052287582,
            0.8377417492543058,
            0.820607917059378
        ],
        "scheduler": "on_demand",
        "serial_duration": 453.1333333333333,
        "wallclock": [
            159.35,
            108.85,
            77.98333333333333,
            64.31666666666666,
            51.416666666666664,
            43.6,
            40.21666666666667,
            34.81666666666667,
            31.8,
            28.666666666666668,
            27.383333333333333,
            25.566666666666666,
            23.866666666666667,
            22.0,
            20.933333333333334,
            20.1,
            18.983333333333334,
            18.233333333333334,
            17.683333333333334
        ]
    },
    {
        "nodes": [
            20,
            30,
            40,
            50,
            60,
            70,
            80,
            90,
            100,
            110,
            120,
            130,
            140,
            150,
            160,
            170,
            180,
            190,
            200
        ],
        "num_tests": 400,
        "parallelism": [
            2.8516886930983847,
            4.269472361809045,
            5.90786614515428,
            7.4001088731627656,
            8.996690933156849,
            10.432847275518036,
            11.885464480874317,
            13.124788800386193,
            14.704164413196322,
            16.111407407407405,
            17.764129369487097,
            18.821737625475944,
            20.1094674556213,
            21.424743892829,
            23.693246187363833,
            23.97530864197531,
            25.267657992565056,
            26.421768707482993,
            27.434914228052474
        ],
        "resource_efficiency": [
            0.9132211034193413,
            0.9115002093802345,
            0.9459637114298132,
            0.9479205225911813,
            0.9603628943304655,
            0.9545718671198333,
            0.9515464480874317,
            0.9340145358972296,
            0.9417685235262304,
            0.9380902356902356,
            0.9481269737558532,
            0.9272998375802114,
            0.9199756973795435,
            0.9148043078539533,
            0.9484368191721133,
            0.9032731611162984,
            0.899075795125981,
            0.890660324280088,
            0.8785721493440969
        ],
        "scheduler": "on_demand",
        "serial_duration": 906.2666666666667,
        "wallclock": [
            317.8,
            212.26666666666668,
            153.4,
            122.46666666666667,
            100.73333333333333,
            86.86666666666666,
            76.25,
            69.05,
            61.63333333333333,
            56.25,
            51.016666666666666,
            48.15,
            45.06666666666667,
            42.3,
            38.25,
            37.8,
            35.86666666666667,
            34.3,
            33.03333333333333
        ]
    },
    {
        "nodes": [
            20,
            30,
            40,
            50,
            60,
            70,
            80,
            90,
            100,
            110,
            120,
            130,
            140,
            150,
            160,
            170,
            180,
            190,
            200
        ],
        "num_tests": 800,
        "parallelism": [
            2.8469109947643982,
            4.278879446018256,
            5.910434782608696,
            7.460519997255951,
            9.001903815909278,
            10.508454923180985,
            11.952082646444664,
            13.512922465208748,
            15.096057745696836,
            16.71564709498924,
            18.18291255642869,
            19.61970052318239,
            21.240625,
            22.492657704239917,
            23.99646954986761,
            25.606781257358136,
            26.952168525402726,
            28.152213305720938,
            29.56020657787442
        ],
        "resource_efficiency": [
            0.9116910994764398,
            0.9135085510439618,
            0.946375,
            0.9556589147286821,
            0.9609193499434373,
            0.9614897229545988,
            0.9568798769095505,
            0.9616357411089022,
            0.9668684064408661,
            0.9732722242405611,
            0.9704787382266065,
            0.9666134695180338,
            0.9717243303571429,
            0.9604026197862806,
            0.9605748014121801,
            0.9647391238105791,
            0.9590141814677131,
            0.9489924656321103,
            0.9466322370209296
        ],
        "scheduler": "on_demand",
        "serial_duration": 1812.5333333333333,
        "wallclock": [
            636.6666666666666,
            423.6,
            306.6666666666667,
            242.95,
            201.35,
            172.48333333333332,
            151.65,
            134.13333333333333,
            120.06666666666666,
            108.43333333333334,
            99.68333333333334,
            92.38333333333334,
            85.33333333333333,
            80.58333333333333,
            75.53333333333333,
            70.78333333333333,
            67.25,
            64.38333333333334,
            61.31666666666667
        ]
    },
    {
        "nodes": [
            20,
            30,
            40,
            50,
            60,
            70,
            80,
            90,
            100,
            110,
            120,
            130,
            140,
            150,
            160,
            170,
            180,
            190,
            200
        ],
        "num_tests": 200,
        "parallelism": [
            1.999411678187969,
            2.991637323943662,
            3.957496360989811,
            4.915566805279334,
            5.892501083658431,
            6.812327737409171,
            7.763563677898343,
            8.686261980830672,
            9.586741889985896,
            10.493245851022772,
            11.38049393051486,
            12.448717948717949,
            13.360196560196561,
            14.249475890985325,
            15.154960981047939,
            15.974148061104582,
            16.77236273904997,
            17.56330749354005,
            18.382691007437458
        ],
        "resource_efficiency": [
            0.6402890130901603,
            0.6386920481220657,
            0.6336717612809316,
            0.629661905622853,
            0.6290023118046525,
            0.6233060099509611,
            0.6215484009137635,
            0.6181505147319843,
            0.6140091678420311,
            0.6109715448580751,
            0.6074124459327473,
            0.6133171315863624,
            0.6112074412074412,
            0.6084311670160727,
            0.606650641025641,
            0.6018282988871224,
            0.5967955308794297,
            0.592047463620291,
            0.58868492224476
        ],
        "scheduler": "partitioned_subcluster",
        "serial_duration": 453.1333333333333,
        "wallclock": [
            226.63333333333333,
            151.46666666666667,
            114.5,
            92.18333333333334,
            76.9,
            66.51666666666667,
            58.36666666666667,
            52.166666666666664,
            47.266666666666666,
            43.18333333333333,
            39.81666666666667,
            36.4,
            33.916666666666664,
            31.8,
            29.9,
            28.366666666666667,
            27.016666666666666,
            25.8,
            24.65
        ]
    },
    {
        "nodes": [
            20,
            30,
            40,
            50,
            60,
            70,
            80,
            90,
            100,
            110,
            120,
            130,
            140,
            150,
            160,
            170,
            180,
            190,
            200
        ],
        "num_tests": 400,
        "parallelism": [
            1.9997057958223008,
            2.9957578094870807,
            3.9786346674471353,
            4.95859930694875,
            5.94598141060689,
            6.905765811531624,
            7.880579710144928,
            8.838751625487646,
            9.786897048236142,
            10.744121715076073,
            11.683712935109584,
            12.71953216374269,
            13.669180492709906,
            14.61327600107498,
            15.571592210767468,
            16.46260974871329,
            17.37807606263982,
            18.240858772224087,
            19.159971811134604
        ],
        "resource_efficiency": [
            0.6403832009414534,
            0.6395717407672672,
            0.6370564132582132,
            0.6351741747218675,
            0.6347111354109713,
            0.6318552922820131,
            0.6309166666666667,
            0.6290023118046525,
            0.6268286537077034,
            0.6255788471556106,
            0.6235961896576422,
            0.626659469185785,
            0.6253429576958989,
            0.6239648839917585,
            0.6233283218785796,
            0.620231162401382,
            0.6183480700259224,
            0.6148872684899098,
            0.6135764622973925
        ],
        "scheduler": "partitioned_subcluster",
        "serial_duration": 906.2666666666667,
        "wallclock": [
            453.2,
            302.51666666666665,
            227.78333333333333,
            182.76666666666668,
            152.41666666666666,
            131.23333333333332,
            115.0,
            102.53333333333333,
            92.6,
            84.35,
            77.56666666666666,
            71.25,
            66.3,
            62.016666666666666,
            58.2,
            55.05,
            52.15,
            49.68333333333333,
            47.3
        ]
    },
    {
        "nodes": [
            20,
            30,
            40,
            50,
            60,
            70,
            80,
            90,
            100,
            110,
            120,
            130,
            140,
            150,
            160,
            170,
            180,
            190,
            200
        ],
        "num_tests": 800,
        "parallelism": [
            1.999852887090842,
            2.9979049509317455,
            3.989142396009097,
            4.979259191428964,
            5.973087274125336,
            6.953008119685442,
            7.939840841060086,
            8.917753177531775,
            9.891941058759324,
            10.868678792724364,
            11.83759660389681,
            12.859406408892044,
            13.830853363856033,
            14.80424720936564,
            15.781744304164853,
            16.72593048292833,
            17.68612782566271,
            18.60917180013689,
            19.57027172935037
        ],
        "resource_efficiency": [
            0.6404303052592865,
            0.6400301393023854,
            0.6387389039688944,
            0.6378206126093128,
            0.6376045843173871,
            0.6361778110643272,
            0.6356610936701468,
            0.6346243906883513,
            0.6335564853556486,
            0.6328312103646903,
            0.631809440876601,
            0.633550722660336,
            0.6327392307552552,
            0.632119067065977,
            0.6317406762443767,
            0.6301518084933143,
            0.6293091920998898,
            0.6273028567311503,
            0.6267158538779917
        ],
        "scheduler": "partitioned_subcluster",
        "serial_duration": 1812.5333333333333,
        "wallclock": [
            906.3333333333334,
            604.6,
            454.3666666666667,
            364.01666666666665,
            303.45,
            260.68333333333334,
            228.28333333333333,
            203.25,
            183.23333333333332,
            166.76666666666668,
            153.11666666666667,
            140.95,
            131.05,
            122.43333333333334,
            114.85,
            108.36666666666666,
            102.48333333333333,
            97.4,
            92.61666666666666
        ]
    }
]
